1.087255809749484436e-01 -2.057757918063358449e-01 -2.344582699847348739e-01 1.522933477759710365e-02 -4.326907923652011378e-01 8.569339138483325624e-02 -9.688446512433751545e-02 1.938312534033547196e-01 -2.349107664507498749e-01 1.263437652504006081e+00
-9.866416015361629752e-03 2.478011059448398945e-01 1.282345146798383961e+00 -2.371589988794017279e-01 -9.182874781939061315e-02 -7.056969286015611111e-03 3.564125937711484782e-01 -4.359392770354914570e-01 3.389078965804957488e-01 -9.605874600492168847e-02
4.726873557856729052e-03 -6.440738615193504490e-02 1.505208818758784761e-01 -1.341526374056648506e-02 -2.604867359192484244e-01 5.320840388540386962e-02 8.064097223303534623e-02 7.555541369025772433e-04 -5.276486126518343395e-02 5.233116472491884386e-01
6.532442176305948422e-03 3.682331349408004550e-01 2.408364272661587702e+00 -3.104270179235283922e-01 -3.513578266050885190e-01 2.227236997352570816e-02 6.328647705165092452e-01 -7.675118503461137998e-01 4.491870141770585856e-01 3.338035978497126410e-01
-9.184117280325488838e-03 -1.390349218115696783e-01 -4.845292821599716526e-01 1.499197968911105683e-01 -1.837914318330238772e-01 3.872309521906441843e-02 -2.001890537812624493e-01 2.457165860863192719e-01 -2.136781607379014680e-01 5.246393451815770659e-01
7.814575270617279967e-02 -1.801981233864636822e-01 -3.768480890244739201e-01 8.178257136413955020e-02 -2.896173167886146871e-01 8.535708339718514615e-02 -1.438361002008698430e-01 2.032139801969267690e-01 -1.902776037716335245e-01 8.571249770653917022e-01
5.355447476669357356e-04 1.049297879784100163e-01 -5.197394894089500950e-01 8.616116089771072573e-03 4.504389827120374168e-01 -8.742013488900399198e-02 -7.061269471172221257e-02 1.388858345847753528e-01 1.788346084157950433e-01 -1.226157704508627599e+00
-7.908917507860767013e-03 -6.491127384249857635e-02 -1.545553556862201972e-01 -8.065631792922393906e-02 1.111089808801294515e-01 9.075586078928181769e-03 -8.823596323114980822e-02 5.788243331488565624e-02 -1.559512013363781313e-02 -1.325072807923718676e-01
7.848288031100844261e-03 8.149288814640846812e-02 9.608719818781917832e-01 -1.728601784627721294e-01 -2.512878456778438463e-01 1.074934768427927290e-01 2.768457387077017384e-01 -2.587060570070496834e-01 2.629231103955971260e-01 2.783209106894181661e-01
6.417155305794609854e-02 -4.887953866091030997e-01 -1.150826203643635415e+00 4.632733286085376906e-02 -5.576616285252294913e-01 1.579327780216806254e-01 -4.845251254556986464e-01 6.167496118130594285e-01 -6.167903576179474268e-01 1.907104259990802575e+00
-2.566338045399017831e-02 1.319042682293403712e-01 1.782062585750100181e-01 -7.914686628043712813e-02 3.862109196390200450e-01 -6.791664187574603107e-02 1.208102236379049038e-01 -1.884020866515927206e-01 2.555949958036958791e-01 -1.198348007639539192e+00
7.716742054002473372e-02 -2.041806772099187817e-01 4.557235041118565810e-01 -3.415292091979770656e-02 -6.929641536699419069e-01 1.168047069219081552e-01 4.528100328341302244e-02 9.280827370645149121e-02 -2.331247839543471034e-01 2.094652268357540148e+00
9.597050785247564220e-02 4.721131800131996015e-02 -5.512595179761284880e-01 2.290868460727988123e-02 3.974824759289354303e-01 -8.300032319893654864e-02 -2.072216880667025474e-01 2.346841159681569908e-02 2.986100188222067658e-02 -9.236141854255912609e-01
3.540408380998814192e-02 -1.825422570190468052e-01 -6.369301264524815376e-02 1.979071641990361261e-03 -3.430174578772064442e-01 8.843697065715080963e-02 -1.122484088410777014e-01 1.437830799479130617e-01 -2.388487640096349784e-01 1.173673336480159701e+00
6.560323621577793425e-03 -1.530142075798170478e-02 -3.351375398200241440e-01 6.200981963688818183e-02 1.018198386636203767e-01 -1.063365688009326043e-02 -1.186505908071001925e-01 1.187234287031682517e-01 -6.288622449623733346e-02 -2.038325723607000151e-01
9.845366039466683927e-02 2.990097389696704314e-02 -6.229385861633349730e-01 1.066655637530055378e-01 3.460141303281048519e-01 -1.096026018261078705e-01 -2.144295744945416138e-01 6.767407740790966353e-02 -9.111243311896417840e-02 -6.534936488912291841e-01
8.417766131128012752e-02 2.579572604623527332e-01 2.109050789538231552e+00 -2.532870736237802789e-01 -3.916787113579245361e-01 2.190108776748862091e-02 5.652412918511940942e-01 -6.936182691464182204e-01 4.053875646835216617e-01 6.642644210298790375e-01
1.088889011101105420e-01 1.794709053538204591e-01 1.457161215790036435e+00 -1.521162153829246910e-01 -4.695948922817029247e-01 3.342467536225474795e-02 2.691143298118844340e-01 -3.431819148412709741e-01 2.196182188348300424e-01 9.449893872503990488e-01
-6.792292298267763907e-03 -2.992503593036667797e-01 -1.180138241946150579e+00 1.973754790222661260e-01 -2.040283616434466485e-01 7.144031344289632213e-02 -3.524391566195358982e-01 4.500963616744745321e-01 -4.771475056104353407e-01 7.543428208543349056e-01
-2.147887798709397292e-02 3.780634682991736162e-02 6.672021660221152395e-01 -2.178324840016738206e-01 -8.910273313359888536e-02 6.163242636611990233e-02 2.286026209890302252e-01 -1.942691584258613158e-01 1.872683086751164294e-01 2.230897954593237878e-02
4.331597270074998007e-02 1.038676520761916550e-01 1.160769145753086651e+00 -1.527811979029323475e-01 -3.539149105304676968e-01 4.029877615196924417e-02 3.016094585628912306e-01 -3.177917269610888162e-01 1.719075559056193747e-01 5.855428321519035029e-01
-3.150360241713943965e-02 -1.931160366115065308e-01 -6.003851639133145346e-01 7.705249439399361466e-02 -2.071370186311606923e-02 6.332487167872705158e-02 -1.578551014395698504e-01 1.678256636004203661e-01 -2.518967779616764213e-01 3.209951312700691783e-01
3.690627878177420162e-02 -4.580980080458364467e-01 -8.648143396961963658e-01 1.279816084661732946e-02 -5.869482706358822854e-01 1.821194298957350133e-01 -3.822489253738862169e-01 5.169558974322330247e-01 -5.478497924898212412e-01 1.900343010044672765e+00
-4.813578259431295497e-02 -2.463435697121826307e-01 -4.017155909780084633e-01 1.183793990072285751e-01 -4.424950247873415399e-01 1.127139772938012957e-01 -1.533932200579450900e-01 2.758046720257060214e-01 -3.173068708161898566e-01 1.340851575655787942e+00
1.735110928749411183e-02 1.508415653974466419e-01 9.123793521374171656e-01 -6.413417674914209665e-02 -8.281790518070980545e-02 -1.520306572408122378e-02 2.310681372166379088e-01 -3.436078017415782337e-01 2.587577027455553735e-01 -1.468149945230475262e-01
-3.561323160200836890e-02 -6.728514156665532653e-02 -1.528643812714199079e-01 1.637219768947741072e-02 7.390235928437102753e-02 2.822488398384278771e-02 4.827890869168400406e-02 -6.240229821973182489e-02 -1.199066652356523405e-01 -3.324837474848892915e-01
1.951420584268361014e-02 6.728569608815763992e-02 6.687431846042403150e-01 -7.024879740195806577e-02 -1.590369195671466618e-01 5.016023249721075772e-02 1.785326204550021223e-01 -2.324316000201598897e-01 6.947124007903900111e-02 1.483084131543155326e-01
-5.766846741798428710e-02 -1.245788292507731820e-01 5.612771901883002214e-03 -3.006699627213700599e-02 -2.515262004640460014e-01 6.015849634650374811e-02 -1.163090824773620538e-02 8.028256984460925560e-02 -1.208143517528199595e-01 7.387538112609157714e-01
2.402665135421937215e-02 5.447549006367228414e-02 2.140250959367489270e-01 -8.209845057560119508e-02 2.755303828402256086e-02 3.462865350516844583e-03 2.607403901496011672e-02 -9.831722308744893224e-02 1.258122514393381353e-01 -8.283200849783114994e-02
1.830901821138259181e-02 -5.090214228127273172e-02 -6.703101678049802059e-01 6.712341104216165699e-02 2.950594979201821566e-01 -3.534493083848887912e-02 -1.260491903934608249e-01 1.355778019354360597e-01 -9.187430457672747519e-02 -4.437402455336563745e-01
1.477162446446898814e-02 2.264874269703889831e-02 -3.000341351336397455e-01 4.670975659780620542e-02 2.994962039129907549e-01 -7.438339610897394538e-02 -1.252529110999661410e-01 9.175963497443434536e-02 5.593292774898458997e-02 -5.148937394872610263e-01
3.240047270545472549e-03 3.089582455346752132e-01 1.710073321673764690e+00 -2.337321028035781179e-01 -1.566195243167000095e-01 3.240619940752855616e-02 5.295836173118751988e-01 -5.795631975779184097e-01 4.601892543288766957e-01 -3.171278076759408981e-01
-1.005376958985611524e-01 3.874419088724212479e-01 1.515345686897251909e+00 -1.920325702074178742e-01 1.860741950412052037e-01 -5.377043407003906372e-02 4.833162774306007936e-01 -6.058388507005917356e-01 5.490843664956855941e-01 -8.954653854578904504e-01
-3.398683116480015476e-02 1.308033862823798354e-01 2.210751130113077501e-01 -1.213201192761404756e-01 2.662301513798587260e-01 -6.003334857643585765e-02 1.708450626237228154e-01 -1.290605517435005345e-01 1.625951220528731589e-01 -8.052471992530372269e-01
7.493040744584238133e-02 -1.803604470769146761e-01 1.961196177718855811e-03 4.024258433676587698e-02 -3.498145971548154431e-01 1.179619991523001010e-02 -3.952694854736109320e-02 2.153995531033446251e-02 -2.973766619844548376e-01 1.143862142602172227e+00
4.163873049827532258e-02 2.279670762589172950e-01 1.024995086822249934e+00 -1.268665961206592308e-01 -4.999547066323671400e-03 -3.280604961993815322e-02 3.323105666045835238e-01 -3.449837679044224781e-01 3.604039040157090978e-01 -3.565766972659017986e-01
8.415216509665253419e-02 -1.046124182111591167e-01 5.193246915794751395e-01 -1.484899219884033839e-01 -4.103364736353815045e-01 9.988231413604793663e-02 5.861091553113359498e-02 -8.499191291757267341e-02 -9.337919958199145110e-02 1.050957202869156504e+00
1.976714721195169458e-02 -2.830264755135082355e-01 -1.343947972529665691e+00 2.030929050287314797e-01 -4.468254566288720059e-02 5.508746712048799565e-02 -4.692501483409958207e-01 4.019528078525667625e-01 -4.512051768710665378e-01 3.213511159467470901e-01
4.919237203386339803e-03 3.468286013938053358e-01 2.071243935020864235e+00 -2.321568116410925864e-01 -2.232687524492390496e-01 3.660140236110180634e-02 6.972301573756962689e-01 -7.671097889075916276e-01 4.488056926735665697e-01 -1.231415175753670793e-01
5.793870390750686244e-02 -9.034361069584889714e-02 -1.046387827685594241e-01 -6.112297263541612707e-02 -1.429570014004319933e-01 7.817103805004430028e-02 -1.223005429483270817e-01 5.196811102573862390e-02 -6.556615017335808149e-02 3.355010122259258765e-01
8.328041064504958235e-03 -3.631162058638894852e-01 -2.892057897967649227e-01 7.225171208502641218e-02 -6.698572813827479155e-01 1.446393213535970557e-01 -2.046967305221267519e-01 3.780557816561532225e-01 -4.157385585700419384e-01 2.002880124340271628e+00
2.237460109739841663e-02 1.079022224947803754e-01 1.273718121165570594e+00 -1.784900990322167147e-01 -4.353782337774483313e-01 8.690805079364964658e-02 3.334141987739323576e-01 -3.657680133231330233e-01 1.117358691552501337e-01 7.769776426795956814e-01
4.642197238653428260e-02 -6.378624714890653025e-02 2.434741918191795085e-01 -7.452717587220319961e-02 -1.721209278414674304e-01 6.063258460760656554e-02 -4.587683071499633336e-02 -8.095945657792266714e-02 -8.323337997863469728e-02 4.240772472010326810e-01
-2.397641143021514085e-02 9.945280990144887007e-03 2.820879695997222658e-01 -1.507911231279197017e-01 -2.982231339469269826e-02 3.021502273901018748e-02 8.250021473444460463e-02 -9.319977462126641243e-02 7.133013995401647767e-02 1.295934623826436594e-01
2.897103290707801065e-02 -3.914531282159435244e-01 -9.189562129791627454e-01 1.024942325846175117e-01 -4.653081176739091163e-01 1.424696083382711309e-01 -3.483021878080055367e-01 4.587800402833755453e-01 -5.452713721056045015e-01 1.490147439606577917e+00
8.504290991661554722e-02 1.331536005434310610e-01 -5.916768040587938593e-02 -2.385465270565552062e-02 2.731068127130932277e-01 -7.990707321488733916e-02 -7.717515588784065739e-02 -1.208552509768095473e-01 1.110288735567860896e-01 -6.553686567198767632e-01
-6.085030929428431046e-02 7.573064515315341971e-02 4.850461322447739976e-01 -1.006167767207376135e-01 -5.388823020103582218e-02 1.472943448352364085e-02 3.058267775816196909e-01 -2.198582224257552564e-01 5.691388151297867293e-02 -2.517356845982161029e-01
-6.706129498281044807e-03 -7.020966045918886067e-02 -1.224845949877613333e-01 -6.456155666447307984e-02 -2.432275046473830471e-01 6.328736714428608023e-02 -3.513404476430075085e-02 2.236419213403841866e-01 -1.078750907529374137e-01 6.840117507310172762e-01
5.793798424457282867e-03 2.353272981065269720e-01 9.038207739140438068e-01 -1.624485795974399405e-01 1.005531302647477976e-01 -3.065911906247439922e-02 2.518127104011744222e-01 -3.504813093904057819e-01 2.934844918786321255e-01 -6.023828221649527581e-01
4.071769594468540449e-02 -2.346388840363039796e-01 8.481120307645970136e-02 -5.025211580816872636e-02 -6.041747395257617281e-01 1.420374479149750513e-01 -8.661576365339211658e-02 1.822706905344392836e-01 -3.023040805025050681e-01 1.571842668601054482e+00
-1.684799178548050669e-02 4.873044578402627169e-02 1.433361504745926496e+00 -1.869027647876940756e-01 -5.037446104690826987e-01 1.036006632503154168e-01 2.588103750352242494e-01 -3.950170011984864282e-01 1.260230259476626535e-01 1.121080893919740973e+00
6.840965390753238340e-02 -3.070674119908797794e-01 -1.285320562960887258e+00 2.073233784401892488e-01 -1.330619527202644148e-01 3.383248407341891972e-02 -4.163339696620440011e-01 4.904815560437079669e-01 -4.242771228730533584e-01 7.282269712787647897e-01
-8.685278374183650479e-03 4.644443538031131080e-01 2.983368842049706871e+00 -4.361489228017750297e-01 -3.259368905921366522e-01 4.134974256756873690e-02 8.355774478342543610e-01 -9.805966017523596312e-01 7.147254935529502307e-01 1.403787924135471432e-01
-4.957125274458878961e-03 4.297984118742948639e-02 1.002736951114398645e+00 -1.414814779001000722e-01 -4.030667703982578898e-01 1.393862841323204593e-01 1.876466792076814938e-01 -2.464294810522837942e-01 1.358615067792560971e-01 6.309395086501999872e-01
4.969063509940620238e-02 2.896999377615938065e-01 1.776613497260377539e+00 -2.765540038420819524e-01 -2.489019655564331523e-01 4.501265441225120456e-02 5.357051871648083052e-01 -6.470139417391294057e-01 4.102092121956291693e-01 8.319980203712825512e-03
-1.274730123764944711e-01 -2.929807373809234505e-01 -1.258041873388013654e+00 9.240105811397052171e-02 8.904763493621530024e-02 3.489084626504659892e-02 -3.468690944776303686e-01 4.839927445955060636e-01 -4.030996323703804340e-01 2.989820129768082646e-01
4.627261198514502627e-02 2.126124566368425839e-01 1.021490356727949189e+00 -1.279194579752539196e-01 -7.265880401963661916e-02 4.610212695403244354e-02 3.196805446841974874e-01 -3.455664528946431058e-01 2.889508923920583450e-01 -1.374528466008410610e-01
-5.877524541864777990e-02 1.388381045278313519e-01 5.103683035654293931e-01 2.010051449155794701e-02 6.936541960324207889e-02 7.182318495553303289e-04 1.478603931939421190e-01 -2.940362255058685537e-01 6.755416032257322012e-02 -3.848131620338208769e-01
2.167587853000383855e-02 1.280803269331121375e-01 5.746462455924258306e-01 -5.951966658479074246e-02 -8.961758336368157163e-02 -1.631291032079032824e-02 1.715357194645601990e-01 -1.962473730153203311e-01 1.468065711042704502e-01 2.736484655917195523e-03
1.114981442673230599e-01 -1.300484627334834165e-01 -1.111857257540313365e-01 9.417361933340215319e-02 -2.774514006321685544e-01 6.632012491633385021e-02 -1.170505710045005310e-01 6.255755117941975973e-02 -2.023702182596966437e-01 8.474958055454185901e-01
-3.777143271649848182e-03 1.168969729784466588e-01 1.327365797321180318e+00 -1.318246770580341898e-01 -4.269054491564955867e-01 2.283267950804816412e-02 2.868860917018070666e-01 -3.039141854317629066e-01 1.838919407132101891e-01 1.059224978534153427e+00
7.134112366609904332e-02 -1.340528048771384428e-01 3.011637028441428443e-01 -7.864881964584459484e-02 -3.830680852402081338e-01 6.404770426193867605e-02 -1.408196620394507569e-02 1.184888272770180488e-02 -1.065335675500065360e-01 1.145792499490637883e+00
-6.262920507785017799e-02 -3.102943554664746358e-03 -7.283905406471735677e-02 9.051022027606651921e-02 4.222581427556987982e-02 -3.493781316206989729e-02 -3.836348795337835710e-02 2.363017214217833645e-02 6.616761277701078796e-03 -3.078830942669274345e-02
5.713148373392987894e-03 -5.171182375313428947e-01 -1.832598741333615777e+00 2.596607975493284148e-01 -2.322922033361551897e-01 5.712136127545046349e-02 -5.281494083297332276e-01 7.145252382324303042e-01 -6.903820741655281035e-01 1.231953416225703313e+00
1.276554474105245918e-01 -2.183515209073428817e-02 4.188166818036242467e-01 -4.800038485948861927e-02 -2.960307113692216552e-01 7.648584851138777452e-02 1.138681443637155899e-01 -9.112897039702040625e-02 1.915119672965745132e-02 5.151898354176661643e-01
2.882548360066454485e-02 2.558555822912679245e-01 1.432876193212839544e+00 -1.578665224257566058e-01 -1.679869322309759105e-01 -3.504860755473764976e-03 3.198802550577760084e-01 -4.702619457281177473e-01 3.185992193809792927e-01 1.263846342135730161e-01
-6.372388015061135336e-02 2.057673308202508794e-02 3.657397108313249490e-01 -2.372500365012331167e-03 -7.703652142982907181e-02 -4.006476635210597798e-03 1.937289102363001503e-01 -1.189397079686707048e-01 1.015191182007808002e-01 1.109848361584766796e-01
1.385561878195470109e-01 -3.760523341767126326e-01 -1.208387700409780385e-01 -4.921790355923335615e-03 -6.340508937808669865e-01 1.233817016527223726e-01 -1.923259749241432448e-01 2.004495629954300695e-01 -4.472741824435427227e-01 2.192664938079636805e+00
8.554554364010083511e-02 4.612666991782706782e-01 2.445501803364532822e+00 -3.241384786110808602e-01 -2.744616278790332764e-01 -1.644951580458516374e-02 7.409060407040470864e-01 -8.297705307231654226e-01 5.916739130092313337e-01 -7.495930918570871404e-02
1.048867337206575157e-01 -1.591648969652343093e-01 -1.541589333184877619e-01 -1.163122886269135278e-02 -2.641934878327731329e-01 4.366149480831567342e-02 -8.564847659605766272e-02 1.259033263917455903e-01 -1.554938008232562285e-01 6.708290039722009102e-01
7.788872368025386711e-03 -3.945538500834842588e-01 -1.543098176883015649e+00 1.666909809354217009e-01 -2.585812002768898554e-01 9.118266370972268053e-02 -4.740894828767570623e-01 6.490848702861238273e-01 -6.038327519186880155e-01 1.025508646777622879e+00
-8.315675232243030165e-03 1.673850177027826625e-01 1.085615801815990267e+00 -1.338841419371605279e-01 -1.602634088552807035e-01 1.700079888876429232e-02 3.146519505190217836e-01 -3.866637613804758122e-01 1.662309966525119254e-01 1.476816304025733717e-01
-1.104853895552685566e-02 3.284522507591218776e-01 1.366722265358480737e+00 -1.405044047278694030e-01 9.379463665562239039e-02 -3.269586532440556942e-02 4.927260920075894335e-01 -5.581358018145122779e-01 4.702315756887462395e-01 -7.621894594399651890e-01
4.824955280290318255e-02 -2.043590279486292016e-01 -5.031473836852564663e-01 1.432710746536934414e-02 -3.095609485897524160e-01 2.710775342544056998e-02 -1.883505557475782799e-01 3.242790021119187904e-01 -2.588478963203686423e-01 1.074955835919408020e+00
-4.401311282279329884e-02 3.050794183515211921e-01 5.053962666407412208e-01 -6.317370032904941028e-03 5.160650087716451839e-01 -1.489319818003675133e-01 2.277500910906458675e-01 -4.348479445436745361e-01 3.015992772394615606e-01 -1.531230287699300030e+00
-2.628432322782353961e-02 2.449974082635521244e-02 6.161698420446681812e-02 4.189538910632637468e-03 6.014511279917637149e-02 -3.564037815465464359e-02 8.536563399674960972e-02 4.378575913894972721e-02 6.347202785745462150e-02 -4.516766669533594375e-02
-3.410303789569633925e-02 3.207806316775553279e-01 1.170920702566755844e+00 -6.289169707038000379e-02 2.083297010259254484e-02 -6.494680474809871873e-02 2.852507097332958597e-01 -4.347058287988709857e-01 3.110240864248683401e-01 -4.346556643063814174e-01
2.825278197921016459e-03 -1.122552692712820363e-02 -3.049196094947267399e-01 1.151738773253310061e-01 -1.014670814412099303e-01 -2.926258100244726046e-02 -2.150305711574623801e-02 1.447707748554431240e-01 -1.536134139587975456e-01 2.396375157854829518e-01
5.644855548818607932e-02 6.384098633547800883e-02 -3.561145409225612846e-01 1.120123770653864842e-01 2.530158917684043329e-01 -1.100426646050757795e-01 -1.562747432213336916e-03 2.871539554616150958e-02 -8.157829669760648106e-03 -4.396279689756606435e-01
5.706164647145674229e-02 4.921915907839002902e-02 -6.994842719775659634e-02 1.466433921795582025e-02 -2.784098530206206498e-02 -7.698408084006137797e-02 -8.609555688201893375e-02 1.022390667190395536e-01 -4.322239159513985990e-02 3.270160803548942674e-01
-4.148930918943429663e-02 9.471192068049720525e-02 3.145113553522485006e-01 -1.784582346479876569e-02 1.980341384200161037e-01 -8.360985256971328883e-02 5.331008793078887559e-02 -1.962041535851835328e-01 1.841884710649650814e-01 -6.607451907008546899e-01
1.864861885274771702e-01 -2.773455018543289352e-01 6.949561830701725951e-01 -5.230245214234646722e-02 -9.115369871806940916e-01 1.723206389631775082e-01 3.619139638437341572e-03 -6.641289451232706975e-02 -3.112007555411660520e-01 2.641905851744533074e+00
-7.279580553364939366e-02 2.885775734179460983e-01 1.606121192237945028e+00 -1.671533729277130120e-01 -3.997644113339354766e-02 1.022803151648518823e-02 5.304411510143539621e-01 -5.452450970316985446e-01 4.231353922642155374e-01 -3.462847605047341126e-01
1.631793115642364012e-01 -3.860239481244960302e-01 -7.099704225454326334e-01 1.218941841551121757e-01 -5.510695519759805094e-01 1.064662569116551216e-01 -3.450406493415395515e-01 3.369410145117198163e-01 -5.689914422083427459e-01 1.923858625374388343e+00
3.140969906825347158e-02 2.986717436356896016e-01 8.310756992583828717e-01 -1.191491124395825801e-01 3.040622281295236040e-01 -6.900860067411256071e-02 3.267309078012426982e-01 -4.686523186505698879e-01 3.431919101052595122e-01 -1.128355346374475321e+00
7.139662462220125461e-02 -1.329852946137704828e-01 1.901273281711522434e-01 8.811452066605092101e-03 -4.849493755086688451e-01 5.524532978209027029e-02 -4.621822466505480335e-03 2.921468891182809821e-02 -1.946254587582278150e-01 1.316344300311647064e+00
-6.686301817714218609e-02 2.536861876010368944e-01 -4.350096462925902990e-02 6.888608868449597189e-02 5.758679446760113230e-01 -1.679688761243490203e-01 1.915349004974352676e-01 -9.563394189292406811e-02 3.364675984794931463e-01 -1.556435247116428888e+00
-6.942754783642934857e-02 1.086771680040623661e-01 -5.289221527848814164e-01 3.026886062767683225e-02 5.069656163374333113e-01 -6.683262608172257924e-02 -7.816005969890478522e-02 3.987133652734335676e-02 1.414232638691890476e-01 -1.316781149038329435e+00
-4.160313047359393869e-03 3.061265788673339650e-01 9.367977019108948422e-01 -1.322955294374455193e-01 1.350901315111097400e-01 -9.485639630938307032e-02 2.525804441870276862e-01 -3.418047508004238288e-01 3.673218959112753423e-01 -5.090662555660602218e-01
-6.145093455433512861e-03 -2.393065527211115928e-01 -1.031953813644074014e+00 2.211628518288665801e-01 -8.539090930533693724e-02 1.963238825965808038e-02 -2.913870098456242119e-01 3.720212109909790121e-01 -3.134640284619580886e-01 5.760317512870890555e-01
5.547434849447425292e-02 1.385140960273765764e-01 5.661273071248694722e-01 -4.876496199702354262e-02 -3.630635199791774903e-02 -3.863822298667946714e-02 5.105098677859302991e-02 -1.627490823078774074e-01 2.277841439329883200e-01 -5.855660752312886325e-02
-2.605534509930960974e-02 -4.876485223040836203e-01 -2.166378264008476329e+00 3.690777437216435919e-01 6.743553809980960823e-02 2.253811264728223379e-02 -6.334170809203515384e-01 7.117708840650499580e-01 -6.566514813691242125e-01 5.313708341794207701e-01
6.724911106546596629e-02 5.498231302618576677e-02 1.235854172416691377e+00 -1.251854313594920887e-01 -4.858973284751201271e-01 1.024870904147438672e-01 3.473536411093274268e-01 -3.893582561607202841e-01 7.112519942154205133e-02 7.626782196640418121e-01
7.111805750167290996e-02 4.557691739453729740e-01 1.971680534406524465e+00 -2.096808897503198987e-01 4.070615342972201678e-02 3.102416854917994671e-03 5.353562851221026486e-01 -8.026373306870348001e-01 6.279596541092443696e-01 -8.299359216934374395e-01
-5.196131942288566979e-02 3.280810552271927749e-01 1.111559279369199515e+00 -1.050185772297777959e-01 2.196873291833769670e-01 -3.867427573563140403e-02 4.194217004126790660e-01 -4.688029810844855372e-01 4.900840139152369268e-01 -9.873623742321309127e-01
9.883771823287344771e-02 -3.280861665076823669e-02 7.472241518508484504e-01 -8.201893219377716371e-02 -4.350728485304222182e-01 9.317848359959104987e-02 9.277379325160525769e-02 -2.380622249751213337e-01 2.358767342216903234e-02 1.029986337020774689e+00
8.081512728714843052e-02 -5.289744059635147488e-01 -1.204138509996563189e-01 -3.697600716914428709e-02 -1.109405378749050541e+00 2.455453090892030510e-01 -1.861846893248707280e-01 4.326487490287403426e-01 -6.173390882028713111e-01 3.342014422743018187e+00
-9.484150129014097541e-02 3.779749378940566173e-01 8.950817864040438998e-01 -1.237509112938255940e-01 3.712086442193457958e-01 -7.188839104464371521e-02 3.248230932344005617e-01 -3.895858356384490628e-01 5.296132382519687098e-01 -1.593765568884749628e+00
5.224629872799855385e-02 -1.076878173095665026e-01 7.042383224378243600e-01 -9.348790634511763842e-02 -6.459022679723468441e-01 1.126687037130889441e-01 4.201814688103631956e-02 -3.551386539736945541e-02 -1.746144162316295156e-01 1.703347721175492824e+00
-1.993463905650301460e-02 7.633018805609187440e-02 3.834371418981998847e-01 -6.564785286622686067e-02 -5.637224522911096769e-02 -5.340831852078587252e-03 1.184893028384738922e-01 -1.837573624967259733e-01 -4.934568398019569674e-02 5.078373593438705036e-02
