1.048100039566187032e-02 -1.939977343611894167e-01 2.045122742226770096e-01 -6.548698412091473464e-02 -5.575210446923802854e-01 1.273862634042282893e-01 -4.665651984901886262e-02 9.705269161222157548e-02 -2.328157298859822866e-01 1.495354932334462150e+00
-3.016244217652735635e-02 2.155003006864569248e-01 9.624367076383980590e-01 -2.176419932528184664e-01 9.724029495103062026e-02 -1.661283352921296211e-02 2.953808136550659103e-01 -3.855257609048376999e-01 3.411080995285811768e-01 -5.727555022536585660e-01
-2.599029304819103214e-02 3.137591839319553988e-01 9.417972525049583821e-01 -1.352934958177092750e-01 1.516645488424582799e-01 -1.002998543601134745e-01 3.290892162338756588e-01 -3.284037614847707398e-01 3.884695835315306600e-01 -5.542205717552800559e-01
-1.013676046684765936e-02 2.202064974840386435e-01 1.315382194649179715e+00 -2.105361124362207792e-01 -7.086963385426971185e-02 -1.317243727777784104e-02 3.288332680261715768e-01 -4.498730905026017135e-01 3.817000643465173759e-01 -2.626944545753392979e-02
5.340329293980575764e-01 4.022633781602932501e+00 -2.113656928243353439e-01 -2.443962469605345522e-01 9.592308114075829284e-01 -1.502641424463400543e+00 9.273612913509051703e-01 -2.699204416388870431e+00 1.935059842571556388e+00 3.571502928403697652e+00
5.960998547395338076e-02 -1.341286328391698146e-01 -9.267385036244207841e-01 1.793477934686324715e-01 -5.475819021104599837e-02 -5.682361504452052015e-02 -2.547219748554449548e-01 3.700374564811352296e-01 -3.061388942362693322e-01 5.602186332780428879e-01
1.430608631707006029e-03 7.414926345576423883e-02 8.265316036508671971e-01 -1.359159947323571038e-01 -1.970669830995918081e-01 5.945469372720238455e-02 2.124949664919935644e-01 -2.127044922676894767e-01 2.089270766386235045e-01 1.785961731847175438e-01
3.431446775738146437e-02 -4.945237749249604131e-01 -1.130637105984733326e+00 1.323052008253200185e-01 -4.832941412103294865e-01 1.374630042972058153e-01 -3.989790314345180722e-01 5.994421317775467939e-01 -5.649282571680520615e-01 1.809553430025029108e+00
-7.406661575211656579e-02 5.424013936345338516e-02 -9.020012138326952700e-01 9.951551217620870082e-02 5.305903716065915043e-01 -1.180389688801076059e-01 -7.129822039518228516e-02 2.234752172612403387e-01 1.128202326141048289e-01 -1.217555152234959914e+00
7.024952554145739991e-02 -2.467160190822497157e-01 1.985251484528287869e-01 -3.082721324892602824e-02 -6.152891188264274502e-01 1.071575548453247290e-01 -1.434033147860253876e-01 9.919968059100822688e-02 -3.504603082277009118e-01 1.818879538552006236e+00
-1.722114320925522690e-01 4.978024582774571716e-01 1.183900530229735404e+00 -1.647842324606178521e-01 5.948460074550582233e-01 -1.457031489532606694e-01 4.859200723546928669e-01 -5.582147104577730445e-01 6.828392081671780245e-01 -2.082024544702512525e+00
2.068314816223466857e-02 -1.147615198252762841e-01 -5.159123108401387769e-01 3.497158863646011862e-02 -3.985315059326924314e-02 1.576429491513878928e-02 -1.563641901866539841e-01 1.964925410178856580e-01 -1.384805934526215088e-01 2.480825994138559643e-01
-2.980676406452112230e-03 9.143309107563896143e-02 2.863067797967869810e-01 3.801906586068824756e-02 8.685963102400070732e-03 -3.953645552145879094e-02 1.115819324129859735e-01 -1.057883084355921849e-01 1.338367644624511299e-01 8.371602025355011356e-02
7.791123196055542433e-02 1.829247670814652948e-01 4.743822375255182799e-01 -2.291809426312177086e-02 7.623380951647987236e-02 -4.556705865162846703e-02 1.649816902994678813e-01 -2.414022307646464804e-01 2.478388827136834005e-01 -4.285281877959680186e-01
1.796269521054576712e+00 -2.863055145524291856e+00 -2.424000888519359354e+00 -3.130515046768829190e+00 1.364157461532017890e-01 -2.227702272921432414e+00 -3.061668638788300978e+00 2.179780372314429060e-01 1.550494521679421034e+00 3.817963668198045113e+00
3.778539903667237077e-02 3.192729875723025745e-02 -5.371849448700861673e-01 1.299613411092492010e-01 3.002286091301977211e-01 -1.058977406933900300e-01 -1.368327477583886620e-01 1.241659135035020622e-01 -2.563348643083583275e-02 -5.578348974431905916e-01
4.292578699863322522e-02 -1.748374426789958691e-01 -7.083434806122413940e-01 1.314543794742237259e-01 -1.438267613931246969e-01 3.180813260897412398e-02 -2.983192723601644780e-01 2.739424892641558196e-01 -3.288292697007377807e-01 5.486322145082727086e-01
-2.660488920818899344e-02 -1.036504099427230929e-01 2.004411195363604292e-01 -4.514965002717782894e-02 -1.706302579660137486e-01 1.846042141051163626e-02 5.288152636512568477e-02 -2.824988094320229556e-02 -7.722218485837591129e-02 6.888624201284190285e-01
1.136091776184108421e-01 -6.295356654419045905e-02 -5.373170564077854872e-01 1.481742874688637690e-01 1.942534684769121715e-03 -3.708680137665729820e-02 -1.208008974150456688e-01 1.924347941605973611e-01 -1.819567258579889504e-02 1.742623100362128696e-01
-2.039741582131977538e+00 1.719588767513447136e+00 -1.813284246317450887e-01 2.266303630328325713e+00 -1.068047111716663666e+00 -3.672687828546706612e+00 6.829584677123137215e-01 5.651657447437355986e-01 2.412078821910663695e+00 -1.929023376691435754e+00
-1.090239756641177837e-01 4.289211678449430520e-01 2.131251668897542473e+00 -2.994054066819724635e-01 -6.941299492450993258e-02 2.213381495155413922e-02 6.660682270183163611e-01 -7.622350608294928831e-01 5.607242843831578005e-01 -5.435103780441614685e-01
2.808582553852892114e-02 2.449808071372371054e-02 2.470817158207226638e-01 -1.393630108067060169e-01 5.672533507987768606e-03 1.999718315360970652e-02 -3.593597708121515355e-02 -3.905677014339873493e-02 -2.391810009223682004e-02 5.445021849763070432e-04
1.312353845667341423e-01 -7.733943965301206536e-01 -2.234167181632907173e+00 4.024027435438751743e-01 -6.679046309328025011e-01 1.623428887262550468e-01 -7.191871616584748494e-01 9.758120787110103889e-01 -9.760008777201915064e-01 2.672709797617220939e+00
1.561385119453866377e-01 -1.988014566656954862e-01 5.471277258518783548e-02 1.050065929825671068e-01 -5.103643486017446218e-01 8.591516191532079516e-02 -1.857156487938884104e-01 7.521398835304858588e-02 -3.089415044172063030e-01 1.570353339866989995e+00
1.377304496397981429e-02 -3.847476309221400381e-01 -1.651889711609332512e+00 1.227189330715669768e-01 -9.435680120047966468e-02 9.075038194969718697e-02 -4.561356246862259267e-01 6.447839848783399885e-01 -5.625271169765083679e-01 5.766230121087606575e-01
6.741331877600517143e-03 3.278369670689097459e-01 1.840062214706036814e+00 -2.644233844827826863e-01 -2.278089512229975189e-01 3.577927524058449257e-03 5.112589167067588258e-01 -5.679646168217935553e-01 5.016987309846305809e-01 4.500953275752670596e-02
5.279348412342789454e-02 -1.704187852424441166e-02 -2.881348506106087490e-02 1.986803948469552383e-02 5.245218892827491208e-02 -2.296381384338302620e-02 -6.478926510261356908e-02 -3.718597302801123633e-02 -3.883320398644309751e-02 -1.603701214596161828e-01
-9.999711067266901787e-02 9.528517584193661738e-02 2.967464616645960618e-01 -6.773662006648846490e-02 7.212249072336444911e-02 -1.741211780263969902e-02 1.536867215925761254e-01 -1.375355444700284702e-01 1.858712074557813607e-02 -3.994390315150683768e-01
-1.329520413362993148e-01 3.058553586239137201e-01 1.588017885191496115e+00 -2.885743365508339764e-01 -2.531087092778859168e-02 3.438911609244699880e-02 5.615739767931605675e-01 -6.084778879224888026e-01 5.374652998513114177e-01 -6.418482899893243054e-01
-1.756291516305809874e-01 4.920724532012572122e-02 -2.927304391404929595e-01 2.403315437489342114e-03 2.879229953921877971e-01 -2.965675333314490153e-02 9.739524815809877389e-02 2.499507064445875837e-02 9.539942512214424908e-02 -9.687418956964949368e-01
1.089062281524711268e-01 6.285663937857509376e-02 -3.282220005199577156e-02 -3.382685689104771715e-02 6.246718027184073457e-02 -3.668411200291259860e-02 -3.677796679568702543e-02 6.418273293934634825e-03 8.655969742328957495e-02 -2.456892153081009222e-01
-7.083467854865796443e-02 5.274473410456852474e-01 1.684882649103297991e+00 -1.943825828635381281e-01 3.113042245525879936e-01 -8.907056345298391964e-02 5.979859427820165552e-01 -7.312742920456044571e-01 5.716923977581189753e-01 -1.572473054540360238e+00
3.129712449306964323e-02 -1.988749776388793467e-01 -1.596570904216232101e-01 4.774284164141442272e-02 -3.955617964039114254e-01 9.359684184685243546e-02 -4.318166992664535658e-02 1.565381840461231300e-01 -2.260234983981808943e-01 1.018325077222165920e+00
-5.324169142948055600e-02 -1.622105382760714032e-01 -1.047718649359776100e+00 8.470261564413732180e-02 2.402953365528660012e-01 1.541407205741749178e-02 -2.556485139497434167e-01 2.999183887740852761e-01 -3.094630323427698948e-01 -4.493536235770961285e-01
-1.076312121092544080e-02 3.122314606727992770e-01 1.853663586509596062e+00 -1.704442533070110455e-01 -2.508385849946506152e-01 8.761542647910604276e-03 5.635685834175888642e-01 -6.429909735973714513e-01 3.823464273900292199e-01 8.033597458115887546e-02
-3.060464429474951120e-01 1.326675181726290953e+00 1.150634738231416820e+00 3.078074412158358975e+00 3.174748771352905674e+00 2.344505646739843963e-01 -1.893561090187675600e+00 -2.596937655790169330e+00 -7.981883228675591413e-01 -2.788675452862763304e+00
8.970266686505583287e-02 7.052118324877343358e-02 1.567049123798946564e+00 -2.659427941096892400e-01 -6.473894681103522508e-01 1.268702992410314367e-01 3.515101214450080946e-01 -4.102047789089440788e-01 1.014465973542845872e-01 1.408492664208680800e+00
-3.490250533501167152e-03 -5.190494666191584200e-02 4.532454671234199539e-01 -8.058788702332997378e-02 -2.719113665196584706e-01 1.068336935126529552e-01 1.034657434552314903e-01 -1.882110796673253927e-01 -7.674968934479486915e-02 4.051784114822112870e-01
5.643864500065489190e-03 -2.586978860991943074e-01 -1.687645119975479113e-01 -4.424946892499465739e-02 -4.333052577188194476e-01 1.497333618616978335e-01 -1.603176780590775119e-01 1.853122249874724070e-01 -2.515260251467436592e-01 1.229312345243962490e+00
-6.011900879828352418e-02 -1.364228321046169652e-02 -2.845922677180160658e-04 -3.928423678437967942e-02 -3.811419518007674173e-02 4.460225397801071551e-02 6.767173502083984049e-02 -3.174471154147881502e-02 -2.435650701090248671e-02 -2.017258276305496367e-01
